-113.35675 32.97937
-112.53548 33.36012
-108.85921 32.82646
-108.63239 32.82559
-108.45853 32.82353
-108.17815 32.71723
-108.11629 32.82702
-107.94784 32.82259
-107.68029 32.81384
-107.49471 32.83261
-107.50260 32.41447
-107.18570 32.23236
-107.04837 32.37192
-106.83327 32.17302
-107.32103 32.54699
-106.71321 32.52703
-106.82744 32.80744
-107.03292 32.88804
-106.85069 32.99470
-106.96184 33.18283
-107.24799 33.16544
-107.52824 33.54534
-107.43546 33.54255
-106.39169 32.53373
-106.40258 32.32924
-106.27779 32.12279
-105.09403 31.00517
-102.90657 29.24005
-102.80980 29.24029
-102.61628 29.34053
-102.31871 29.24880
-102.52449 29.04859
-107.85063 35.16841
-107.85472 34.96678
-107.35751 35.06753
-107.55212 35.26850
-106.36763 35.09360
-114.84435 36.37080
-116.21665 39.28294
-112.49240 38.09049
-112.71028 38.19340
-112.90940 38.30194
-112.61435 39.49469
-112.60679 40.76177
-107.73360 37.78286
-106.75363 37.58941
-105.29962 37.80008
-106.18456 38.39448
-105.59662 40.10054
-106.39748 40.79974
-114.15127 33.66335
-114.58228 35.37693
-114.71115 44.63034
-113.96539 44.67886
-108.64627 32.61159
-108.30302 31.80523
-109.19794 32.82703
-109.71242 32.83033
-110.61741 33.34077
-110.26583 31.83579
-112.52802 33.83526
-112.94647 33.64485
-113.39778 32.81500
-113.61845 32.81643
-113.27114 34.04597
-113.65795 34.89803
-113.67809 35.38554
-112.80646 33.83942
-112.43078 33.83601
-111.94976 34.03706
-111.32154 31.91189
-110.83831 31.70982
-110.34956 31.73441
-109.06355 31.62522
-109.64293 31.44793
-109.25700 31.42875
-108.96807 31.62191
-108.95608 31.92841
-108.25611 31.70561
-109.18446 32.32970
-108.87936 32.51880
-110.71764 33.34415
-107.70782 31.58276
-107.48774 31.46872
-108.04455 32.08603
-107.71420 32.08626
-107.45960 32.09443
-107.24367 32.11096
-107.75198 32.39331
-108.09236 32.39320
-108.50885 32.50002
-107.43074 33.14776
-107.86757 32.92628
-108.22750 33.04049
-108.25451 33.25191
-108.53783 33.24898
-108.69425 33.65621
-106.10167 31.91563
-105.99634 31.60690
-104.33688 30.11925
-103.29047 29.53823
-106.20269 32.82729
-106.40949 33.21704
-106.35783 33.51179
-105.87627 33.80792
-106.36395 33.80630
-106.80551 33.87212
-107.08455 34.35633
-106.72255 34.27598
-106.07426 34.20470
-105.78267 34.20359
-105.78532 34.50241
-106.07970 34.50211
-106.81130 34.36963
-107.08455 34.35633
-107.36777 35.47495
-106.62417 35.49764
-106.05566 36.38984
-105.78112 36.50250
-105.89155 36.80063
-114.35812 35.61845
-113.82936 36.94391
-116.38824 37.18637
-116.66570 37.59736
-114.95395 37.68909
-115.63525 38.41447
-115.69254 38.82563
-116.55034 38.51654
-116.99079 39.28568
-118.14598 40.35351
-116.65185 40.07975
-116.28014 40.20707
-114.93709 39.97905
-113.36183 39.20871
-113.35808 39.50370
-113.61038 40.31241
-114.28183 41.77256
-113.27417 37.81074
-113.22895 38.11591
-113.02319 38.10468
-113.05563 39.50194
-112.76674 39.69732
-113.04893 40.31997
-112.57297 40.44199
-112.62727 40.11556
-111.82307 40.34765
-111.42592 40.26076
-112.26875 39.90828
-112.04337 39.50095
-111.64258 39.31189
-112.26662 38.59086
-111.97111 38.29674
-111.72160 38.10503
-109.31719 38.55639
-109.02542 38.76193
-109.22670 39.06054
-116.29379 41.25377
-107.81534 37.27713
-107.52494 37.48154
-107.91693 37.57733
-108.30990 37.47175
-107.44518 37.78648
-108.02604 37.97584
-107.55097 38.19084
-106.95860 38.29130
-107.45635 38.39220
-108.53404 38.76931
-105.69525 37.69921
-105.88833 37.89542
-105.09874 37.99992
-105.39811 38.20037
-105.69479 38.19942
-105.89726 38.59949
-105.19831 38.70011
-105.39730 38.89991
-104.89880 38.80002
-104.59901 38.99997
-104.69873 39.30001
-105.19784 39.50006
-105.49710 39.30012
-105.89535 39.50039
-105.79556 39.60018
-105.19784 39.50006
-105.29783 40.30030
-105.89572 40.10070
-105.49837 40.60036
-106.49617 40.49939
-113.03931 30.96770
-113.38586 30.11417
-113.60424 31.06608
-113.98360 31.22840
-114.05953 31.67239
-114.62845 33.89466
-115.64849 33.02055
-115.24105 32.62105
-115.72751 33.72315
-115.47791 33.54911
-115.29887 34.96878
-114.95310 34.94794
-114.65625 35.16745
-114.47261 35.30887
-114.84094 35.31186
-114.73280 35.54486
-115.72312 35.46042
-115.79385 35.89236
-115.47547 35.91820
-115.22615 36.21187
-116.43290 36.70851
-116.65620 37.12687
-116.33509 34.47420
-119.39142 36.98693
-106.99818 41.49931
-106.99994 42.69886
-108.21161 42.78976
-116.09536 42.66858
-113.98230 43.77672
-114.08005 44.17538
-113.16348 44.10591
-114.28388 44.66107
-115.10181 44.89130
-112.50415 44.99616
-108.45730 31.90943
-108.92808 32.22363
-108.87455 31.41156
-109.49327 32.53378
-109.15513 31.93432
-109.32051 32.03828
-109.25520 31.93677
-111.07728 34.03768
-110.96228 33.84012
-110.95142 33.74217
-109.91612 32.83187
-110.03774 32.93188
-109.78662 32.73313
-109.64489 32.63424
-110.00728 33.03169
-110.37158 33.08820
-108.59959 32.71669
-108.64655 32.87950
-108.75122 32.93174
-112.47945 33.83544
-112.43078 33.83601
-112.42939 33.78846
-113.04440 33.74366
-112.56641 32.96353
-111.29402 33.74739
-111.53797 33.65415
-111.55030 33.84471
-111.03972 33.64626
-112.25742 33.50245
